{"config":
    {
    "run_name": "CMS-TOP-18-006",
    "data":
        {
        "observable":"spin density matrix bin index",
        "bins": [ 0.0, 1.0, 2.0, 3.0, 4.0, 5.0, 6.0, 7.0, 8.0, 9.0, 10.0, 11.0, 12.0, 13.0, 14.0, 15.0, 16.0, 17.0, 18.0, 19.0, 20.0, 21.0, 22.0, 23.0, 24.0, 25.0, 26.0, 27.0, 28.0, 29.0, 30.0, 31.0, 32.0, 33.0, 34.0, 35.0, 36.0, 37.0, 38.0, 39.0, 40.0, 41.0, 42.0, 43.0, 44.0, 45.0, 46.0, 47.0, 48.0, 49.0, 50.0, 51.0, 52.0, 53.0, 54.0, 55.0, 56.0, 57.0, 58.0, 59.0, 60.0, 61.0, 62.0, 63.0, 64.0, 65.0, 66.0, 67.0, 68.0, 69.0, 70.0, 71.0, 72.0, 73.0, 74.0, 75.0, 76.0, 77.0, 78.0, 79.0, 80.0, 81.0, 82.0, 83.0, 84.0, 85.0, 86.0, 87.0, 88.0, 89.0, 90.0, 91.0, 92.0, 93.0, 94.0, 95.0, 96.0, 97.0, 98.0, 99.0, 100.0, 101.0, 102.0, 103.0, 104.0, 105.0, 106.0, 107.0, 108.0, 109.0, 110.0, 111.0, 112.0, 113.0, 114.0, 115.0, 116.0, 117.0, 118.0, 119.0, 120.0, 121.0, 122.0, 123.0, 124.0, 125.0, 126.0, 127.0, 128.0, 129.0, 130.0, 131.0, 132.0],
        "central_values": [ 141.596778148, 137.382964083, 137.091573564, 141.874889012, 139.668417631, 139.959552004, 144.914097396, 137.238663591, 135.677316989, 140.556783115, 144.299686276, 136.147909517, 139.635617729, 142.547085296, 141.723721268, 137.124660618, 140.149330713, 134.641390559, 139.629504756, 140.756355584, 140.995117667, 138.91747235, 138.17822199, 137.893759266, 139.086779367, 140.030634581, 135.586309371, 139.05871842, 141.939331689, 140.108973428, 135.628611806, 140.87708556, 140.650523066, 138.005676536, 138.715060037, 142.909670481, 143.9175614, 138.234271075, 139.752129663, 139.425160248, 136.662182527, 139.280457564, 139.064781703, 141.506305312, 137.886290322, 136.016405091, 140.815183872, 142.09334203, 135.490403498, 142.058364201, 140.865975252, 139.514946606, 139.677402904, 138.99426804, 135.955121051, 140.421224178, 140.822508978, 139.863616459, 138.226449928, 141.122596725, 33.3986367595, 118.636546315, 294.453581449, 286.444778343, 85.1373387999, 19.8777723847, 27.7170185713, 100.034469767, 298.99041429, 292.782227442, 92.6465322721, 24.2793298008, 33.1828080953, 115.264384534, 305.76233452, 277.78043725, 84.2962346698, 19.8505937621, 74.3786865988, 134.739837242, 191.201223693, 202.302916511, 151.519182177, 82.7383142367, 81.4417137121, 144.655194945, 194.534911635, 198.071063925, 145.032070397, 72.8493177418, 75.1763353924, 145.036332149, 198.838333722, 197.301312329, 146.744798113, 74.8265903351, 73.7763689403, 150.235279574, 196.59113042, 195.908096434, 144.755452169, 76.16059006, 73.8073078881, 146.927542577, 200.132422214, 189.574166793, 143.677612812, 82.5292977013, 78.5957635685, 149.007422527, 195.107945639, 192.447295006, 144.286714759, 77.1640897548, 112.386934959, 123.532374107, 131.250395099, 145.300561949, 159.499386971, 164.892508539, 126.877974013, 111.030212927, 110.075952551, 118.794385571, 141.200192889, 230.063166659, 120.16516721, 123.881830945, 132.343419467, 142.522056995, 153.827816917, 166.862199162 ],
        "covariance_matrix": [
             [ 134.002313976, 84.1127695798, 79.4116249935, 86.0392058065, 84.8803360781, 69.9668228938, 127.845310223, 85.2134855462, 79.7342012525, 82.0793677929, 84.4676109704, 77.9915422738, 103.284474982, 94.1457859075, 77.2143547497, 76.8992540335, 84.3065353198, 84.4341636647, 109.213964179, 93.5744951582, 80.2298544995, 72.23066199, 84.0361505734, 81.6756468372, 78.5174371331, 93.6689393039, 97.3811279793, 90.3520701962, 92.151957025, 78.3974454699, 73.2339435701, 101.746888918, 94.4898667466, 98.1467550601, 93.8019685886, 73.3702116507, 95.2903910833, 87.3346935525, 85.3925848349, 81.2747183043, 83.6218067784, 95.2607723024, 98.1342155838, 89.2831901222, 83.271326332, 76.4989668925, 85.0517017345, 98.0644186237, 101.615400759, 87.3058544696, 78.1117639139, 79.7242676225, 90.6032720151, 81.708873956, 99.2507013961, 84.6367644592, 75.4108371174, 83.3329808504, 91.0308202618, 93.7241524466, 35.5861318321, 91.2877080195, 172.346244019, 174.51944099, 49.4983626186, 8.56982560236, 20.9524727589, 77.3655382666, 171.515309981, 174.637747296, 62.632420347, 15.8681758447, 13.0251423383, 62.5006170778, 201.914643141, 198.108436266, 52.8767910682, 11.1015018713, 57.0815892555, 112.691252968, 120.798773995, 100.185253636, 85.690150288, 56.1335896535, 55.3750492584, 103.771637181, 112.503495258, 103.448656327, 91.52983543, 65.0836395758, 47.0301831956, 81.8864541168, 116.133112592, 133.233627347, 100.145772493, 39.9524847075, 44.9562945758, 84.4217143583, 124.008017774, 125.318981096, 92.4840747695, 50.4497329679, 41.8998886579, 92.6355158767, 133.292337717, 136.694600147, 86.5132539608, 36.2461048359, 44.1347258504, 91.7880519129, 127.044278729, 130.478559695, 90.4946608455, 42.6669976479, 67.4217483978, 71.9289707925, 88.5983735546, 98.0478419562, 96.7708901271, 100.428530595, 70.5417374667, 63.0567592282, 64.9834993934, 72.4989925074, 91.5210310171, 180.799030881, 83.3026727036, 82.2677693736, 83.4764561923, 89.8285145057, 95.8812827492, 104.166681916  ],
                [ 84.1127695798, 86.5972371607, 74.1680233847, 73.791589163, 73.6636078489, 54.7294829654, 89.3975271791, 78.1357718897, 74.0528010719, 74.8128867447, 71.7142448539, 61.1764466478, 90.3077052104, 77.7526430356, 62.3228376038, 62.3938425948, 70.9091453285, 79.217846054, 94.003134255, 73.3039823224, 63.3492620244, 62.2108326882, 72.1970850648, 76.563962168, 72.2816713948, 78.1854416621, 73.1837391689, 70.7170702204, 79.347485524, 70.6889803006, 67.691966985, 81.3925965284, 74.5596951336, 78.3189157927, 78.3640414445, 66.7617842492, 63.6365767367, 84.1377571222, 75.7894963161, 72.787905568, 79.2851532231, 63.8450416281, 69.5856695371, 76.6242031541, 73.7094067014, 72.7091445187, 77.5554313827, 71.8780759699, 90.9635484382, 74.2957885755, 63.370632517, 63.106312847, 73.2810930599, 76.1311265897, 84.5439865766, 71.0492803088, 61.6807338143, 66.3669309272, 73.995528682, 86.6745609396, 20.2967741667, 61.5558287181, 157.60856392, 157.871742071, 37.0225944041, 3.15730108219, 20.1698111048, 65.0340722006, 133.388855413, 149.176616934, 60.6712605853, 14.8455674404, 12.4954676974, 57.385879029, 164.951393595, 156.625504871, 47.6658505831, 11.3601216936, 43.6710443549, 90.4654138844, 105.018723106, 90.8788538692, 73.8372759575, 43.7430886824, 42.7461334378, 84.5756526124, 95.9457018587, 94.3764784258, 79.2200213427, 46.7597596563, 48.2990723086, 73.9910869187, 89.0817935632, 93.0290371389, 83.1249649406, 46.1717694925, 46.6534556437, 75.3769849489, 92.3666850634, 93.1506335931, 79.8538630696, 49.2875136695, 29.0945437365, 77.4631474752, 116.475067048, 118.974426786, 75.8537758446, 28.2713047352, 33.6648994527, 76.7127729973, 114.095218746, 116.121423716, 72.5644851933, 32.3706055656, 59.6605214174, 61.3588486866, 76.1014066209, 81.71113381, 77.7312484999, 86.3050414905, 64.2665323043, 55.6845243473, 55.7063150876, 60.953496103, 74.1065003283, 137.612270042, 65.3524001925, 64.0129628421, 69.1098928941, 75.6607026642, 84.6913074144, 90.8812510483  ],
                [ 79.4116249935, 74.1680233847, 90.5341496718, 71.1777430499, 59.3140623961, 60.9641222418, 87.6022360538, 78.4659371646, 72.4229987931, 73.4851147679, 67.6126888153, 60.5122179734, 85.1942973864, 77.0961023574, 61.0594188752, 64.5637967351, 70.1589457208, 77.9393563583, 91.2054397683, 64.8163461376, 63.0232924218, 67.6208210391, 72.4738461289, 75.0304916899, 70.2837259548, 76.1700075427, 69.5118106129, 67.666820257, 83.3303311551, 69.4880296387, 64.5409281893, 78.3713772537, 73.1847481271, 76.3783178643, 78.0023273056, 69.8238272646, 62.8151209002, 70.5189367576, 84.1600850114, 80.607918005, 66.7913573146, 68.3428499549, 68.9996774097, 75.2450252366, 74.5688678325, 71.7261356705, 72.6169339056, 70.1225470187, 87.5466377341, 72.4295871957, 64.4346733019, 61.9148831757, 72.3854521172, 72.5555859544, 81.9582654812, 69.7595326395, 63.1577820672, 67.9365418175, 69.8804385852, 85.358219989, 21.8715277035, 55.999514695, 164.168765555, 150.107058787, 34.2899091022, 4.38616371569, 23.2725121652, 62.0246945828, 128.091394936, 149.437540211, 59.5345436406, 13.9744170588, 12.7134273502, 56.5061287989, 161.680091429, 150.629858636, 47.3376911998, 11.2679549216, 35.3752325209, 85.6102457266, 107.973661577, 92.8907982984, 71.597319893, 44.3523029219, 39.0553666484, 83.4690879216, 101.106091021, 90.1472933333, 77.5136307834, 43.4489367405, 42.8595797729, 80.5183929279, 93.3616668162, 85.2457340416, 80.7073168407, 45.1066429418, 46.899858218, 68.4200738877, 89.9311031806, 96.6282448872, 80.4261493468, 47.7322881769, 31.7531262743, 71.6695132824, 109.494569255, 120.52351883, 76.0740095933, 30.9691268557, 34.7892648272, 71.4334392761, 111.97958021, 110.572935392, 68.9077814198, 35.8383574304, 56.397594882, 61.1615029334, 74.9598037949, 78.4716245005, 71.4295461812, 88.6108497392, 63.0446027677, 54.6341341502, 53.8012813345, 60.791337876, 70.9777540267, 138.328675982, 66.1593327078, 64.4729179917, 66.2995467363, 72.9789005623, 83.0250497686, 89.5378231688  ],
                [ 86.0392058065, 73.791589163, 71.1777430499, 93.3977029073, 79.6210375934, 51.2396450472, 89.596145451, 75.6402025595, 75.0911093147, 81.3297102321, 81.0005866972, 55.9218483836, 92.6242083025, 74.4971277638, 65.3178898303, 66.4146758024, 72.7701934239, 81.8550694614, 95.2278478415, 75.5196303565, 67.8970600159, 62.4533259494, 74.8011911196, 77.0472627361, 74.894323363, 77.297959414, 79.1259460472, 72.3562354237, 74.3153125251, 76.0879389192, 73.254354595, 81.9688446485, 73.9766633449, 76.8962116357, 77.112980514, 72.3699966693, 67.7073779006, 77.3285430425, 84.3112111545, 81.4087053533, 72.6115854302, 65.4671459648, 67.6004573946, 82.3569063979, 76.3496085811, 75.1016034186, 81.3032328267, 68.0044009432, 87.6907484311, 72.9656515647, 66.0479828743, 66.366251044, 73.8972563053, 81.9648733419, 87.4169409785, 71.0647179782, 61.790221454, 71.7336899092, 78.4705481522, 86.1643524181, 16.6189167382, 61.624294551, 156.066086992, 174.857504416, 34.9742028261, 4.66123345796, 17.5876077826, 65.5386493389, 143.322260073, 149.608462496, 58.3185837187, 16.75289292, 15.0911111517, 60.5526718826, 163.982043672, 156.844886921, 49.5267164536, 11.2076567272, 45.424789488, 88.9558069925, 103.209070845, 100.880959112, 78.2328518188, 41.597593174, 42.7261132136, 90.2815050912, 99.7801504209, 98.6439161888, 77.0648781539, 46.3411623136, 52.6358610873, 72.6620539669, 83.1569289464, 104.64589784, 89.5916765675, 41.9364618273, 44.9991648692, 80.4984342957, 92.8015644298, 90.9590852554, 82.0857181546, 52.724791296, 30.8597924472, 79.2962307406, 122.869693908, 117.098998776, 75.7766357512, 31.5064791843, 34.147638471, 81.4424152501, 112.833447063, 119.066124507, 79.8806912204, 30.8587969382, 63.7994728451, 61.8328083609, 71.1879564272, 86.5709849671, 88.0248408758, 81.93258343, 66.7081903413, 57.3103102287, 56.9420466369, 61.4918680561, 76.6480074664, 139.179437052, 65.8481814664, 63.2042019258, 72.1763549803, 79.0423249375, 85.533125146, 93.6104958646  ],
                [ 84.8803360781, 73.6636078489, 59.3140623961, 79.6210375934, 87.3245062817, 53.3158346484, 86.2945101739, 71.4538090655, 67.8958799329, 73.8306646307, 77.2916956479, 62.5317298057, 87.3505632938, 74.6239002099, 64.7705666096, 64.7562881243, 68.6023461422, 74.067125813, 85.5812480523, 74.9728319122, 69.1315810749, 62.7906625583, 68.9881689693, 71.4421682761, 68.7064986271, 75.5006664402, 76.234612154, 73.9690811289, 71.2632952683, 71.1438638605, 68.7148184657, 77.4130188442, 72.5124637562, 75.7675629062, 77.8482147017, 65.697908456, 68.4760984573, 82.7656398048, 70.2451894745, 66.916128068, 78.3976052292, 66.1700922254, 72.7845732458, 76.5556944735, 68.5953776221, 69.3811527415, 77.1066784821, 71.1250011944, 82.6854367873, 72.1541218618, 65.8821866899, 65.4324815867, 71.2122038624, 74.9566988595, 82.1349733941, 68.2979569913, 64.0696670484, 72.1153865723, 73.6827241738, 76.8805483713, 17.4877378115, 65.2590869892, 149.740940218, 151.627823072, 41.1076632913, 6.78332320226, 14.7572391666, 59.9528335612, 142.605808489, 146.704215261, 54.8546724037, 13.992400542, 13.3078398895, 56.820335417, 162.160215528, 154.740404534, 45.3928645023, 10.1577443543, 46.8363048556, 85.578896735, 99.0602975949, 92.6945455803, 74.2267416428, 42.2047695327, 45.8314004232, 83.2799328511, 90.3899951743, 96.1203380526, 77.7083786346, 46.8951770668, 43.9376242534, 70.1869613201, 88.4488918391, 104.036606725, 83.9249012294, 37.9280182287, 40.7376314658, 76.3335205303, 94.4354157033, 93.4092386, 79.7039817885, 45.8310770513, 32.8566749562, 78.0214992053, 111.668559896, 109.292346148, 73.6714257916, 32.2798417271, 35.6273449003, 78.6411302191, 107.1344029, 108.601558227, 75.6989080644, 34.1449414613, 59.1392562202, 61.4455009055, 70.1005838398, 82.7222833173, 85.17797513, 76.9932771747, 63.0857709883, 55.0939476986, 54.7976366158, 59.3343061144, 73.8723574152, 133.223009531, 62.7383285221, 61.25908494, 68.829688502, 75.6473778653, 82.1176941345, 89.8235485086  ],
                [ 69.9668228938, 54.7294829654, 60.9641222418, 51.2396450472, 53.3158346484, 84.475080551, 73.4694567683, 59.9742265957, 54.1193179114, 55.9295367454, 61.6180308992, 71.2911450155, 64.220256374, 68.2312094935, 64.7939522865, 62.2309380731, 56.7313533029, 55.9702917966, 67.9857459319, 65.0445063871, 63.4160451209, 60.9154764834, 59.690229946, 53.1629957288, 53.5750434766, 64.8529716397, 72.7209583866, 69.68346736, 63.7876521856, 55.3813840574, 52.4997829145, 64.3634378955, 68.505025922, 69.4112489079, 64.8857951035, 59.0463765481, 77.4189213272, 55.4363205418, 60.1274224884, 55.4744782184, 51.463753576, 81.6281697566, 73.5676173729, 62.2324046068, 57.0824628342, 52.7795638934, 58.8811673618, 73.9611456048, 62.2590681265, 59.4072698722, 63.5322712279, 64.9364732991, 63.7087128079, 55.4083436718, 59.9018205295, 63.0625787135, 61.6816866586, 66.0990666265, 61.9894900475, 60.7791095828, 22.8106172894, 62.5509998098, 131.616705182, 106.975460071, 45.7899987058, 15.5064040425, 12.8510400787, 46.8829602213, 131.682902337, 131.614058857, 38.8969498489, 9.51711704769, 10.9314056761, 43.6227835566, 143.605617453, 141.494741805, 35.3199294678, 6.57513393628, 39.9640975912, 70.6918547168, 83.118166447, 78.8970381959, 62.7455817377, 40.607670819, 38.6200791486, 74.680001003, 85.8372106963, 72.3167619038, 63.8499369655, 43.6312479873, 24.6907351924, 63.4132318832, 98.3988538468, 101.180027598, 67.5373709938, 20.4819793481, 26.3962896861, 57.1232446268, 98.4296109456, 102.535027237, 63.9427706399, 28.9863984768, 37.8822027762, 64.6947226683, 83.20836253, 86.3884660013, 62.2527902879, 40.2910699461, 39.7673023642, 64.4742437886, 81.3045986515, 81.8322248648, 65.5758801661, 38.8157547844, 46.8751401194, 56.5443177551, 62.1853043863, 65.7648342745, 66.968259276, 71.7007517387, 53.5399750642, 45.9567060923, 45.9582038689, 51.7370201297, 61.1730958578, 118.8059182, 53.6863254938, 55.6290443434, 56.0037976603, 62.3837320659, 69.1081689275, 77.6077228213  ],
                [ 127.845310223, 89.3975271791, 87.6022360538, 89.596145451, 86.2945101739, 73.4694567683, 143.035798902, 86.0980518502, 80.1796784006, 87.6518294287, 88.1817345903, 77.9197862552, 107.634163292, 98.2701728883, 80.817944149, 79.5463543284, 85.0282057144, 89.9937667403, 112.034760021, 95.6133075918, 84.203495423, 77.1591069085, 88.4639373996, 85.0888765595, 82.9498878149, 96.1617588851, 100.1397069, 92.0414293597, 97.3732160426, 81.2955133521, 76.1502842705, 106.045133051, 98.6222638377, 101.167904489, 97.8434944399, 76.2909388229, 94.687654153, 91.4159391286, 92.2961404625, 86.8692596711, 86.2979325609, 96.6268348207, 103.672730644, 90.249334921, 85.3738754425, 79.6755466027, 87.1311731996, 104.277580725, 106.076026006, 88.5028232633, 81.6315514695, 82.300664144, 92.5573260761, 86.2514694221, 102.75007669, 86.9840884799, 78.0131524962, 88.8298419361, 95.6344989633, 96.6290076384, 37.3199536755, 93.4800641393, 180.901904302, 179.776556055, 50.0732966439, 9.97578180939, 23.9497871872, 79.9350588162, 177.709464787, 179.83064123, 66.8733326001, 15.2970699761, 13.7999024138, 64.80706253, 206.675495846, 205.873045474, 56.2623945435, 10.998512657, 56.7345931267, 116.701507376, 127.159479982, 105.918649834, 88.5026855925, 57.978615869, 56.3174910108, 108.976200009, 119.202317112, 108.225729065, 92.8641363949, 65.5161254053, 48.725804128, 87.0951814534, 119.810584023, 135.754056857, 107.877958362, 41.4337494745, 46.4010489574, 86.6691983487, 127.255482207, 130.744551414, 96.623418634, 52.6694796105, 43.2258179073, 93.4854896587, 137.452430439, 144.764910206, 91.6792610306, 37.591661937, 47.1382171256, 92.6806288312, 130.01663717, 138.126186683, 94.1641532609, 44.2436074841, 71.2147361606, 73.5172290036, 90.2970585324, 102.446609539, 100.418399915, 104.949793111, 73.0440261679, 65.229688313, 67.0834322749, 75.7235477726, 94.673824873, 189.551218668, 88.047668608, 85.4671342594, 87.3454904141, 93.5593715536, 98.9984293578, 107.1498792  ],
                [ 85.2134855462, 78.1357718897, 78.4659371646, 75.6402025595, 71.4538090655, 59.9742265957, 86.0980518502, 87.7847310273, 70.570473268, 71.0467735363, 73.8369551738, 61.8902281924, 89.565233662, 76.6449002169, 63.4501098228, 67.224482978, 71.258882131, 78.9664501092, 92.0475113658, 70.824090941, 65.5721691046, 66.2615812187, 74.3244447958, 74.555330281, 69.0316510516, 80.7531801791, 74.0803404162, 73.5320813285, 78.5101352226, 72.4949637359, 66.5897508311, 79.2872584689, 71.4164241786, 76.3209493477, 83.5186181041, 70.7284240589, 66.4726690777, 80.4475656701, 79.5677743251, 74.9051864315, 73.6539483022, 70.4176839884, 69.215935858, 83.2557962276, 71.3875345179, 68.0366423599, 83.5815732355, 69.7176366679, 91.860831184, 72.2706842645, 64.7194394705, 66.0887695895, 74.8202545858, 73.6024669283, 83.487452276, 72.7560540803, 63.9341933304, 70.4905621898, 73.8104429954, 84.1444018153, 18.9321786518, 61.0703077109, 169.783357217, 148.687938663, 39.1230723677, 4.69491792087, 19.8286191603, 64.3714066132, 133.913129352, 154.069703687, 60.2017131779, 13.4896989731, 11.9136377075, 57.9844772693, 166.979600743, 156.691198836, 48.3330393341, 11.7500603695, 41.3282811422, 88.4892175853, 108.005487826, 93.4168991827, 73.4999528881, 45.0391519421, 40.7624742637, 89.0896073916, 99.6415237977, 90.4234432192, 80.658905878, 49.5247400046, 43.8337410494, 79.0699499458, 91.5790163214, 93.1817813446, 87.2902460826, 41.8791926724, 47.8224763155, 71.8350886978, 89.0259090748, 97.2952769811, 84.8500293988, 49.4678145554, 33.272019236, 78.1039944716, 113.036442595, 116.451215825, 76.0028395188, 34.6431280029, 35.0592968515, 77.7553634136, 116.312446882, 109.322339125, 71.6013924716, 36.8861797362, 57.4036129641, 64.3759001821, 77.5067468688, 81.8429004972, 78.3073986062, 84.0576345039, 65.4001462349, 56.9273440989, 56.1952973865, 62.8451669435, 73.4324312049, 138.105790064, 64.6762986565, 64.3649986138, 68.7253653213, 76.4030320962, 85.583617622, 92.8884475536  ],
                [ 79.7342012525, 74.0528010719, 72.4229987931, 75.0911093147, 67.8958799329, 54.1193179114, 80.1796784006, 70.570473268, 81.6514022848, 72.3379592677, 62.0125319662, 56.4056194724, 85.4943711556, 72.7488510209, 58.6743744456, 59.437251237, 69.2722614355, 73.2061990022, 89.8175562375, 66.5353235156, 57.8604522308, 60.0007902493, 71.2188232546, 74.1175977549, 69.8712135218, 73.3966625806, 68.6057094589, 65.3057264365, 76.680995288, 66.9936215233, 66.7015623779, 76.6603841201, 70.0779736303, 73.1428081968, 70.1282860923, 67.1424472063, 62.1252773452, 73.8818206984, 76.6782473125, 73.4162416472, 67.0275716029, 62.5783516268, 61.7696923307, 70.3046223098, 77.2052349484, 75.55006852, 68.3126739873, 63.8959456894, 80.9258206883, 72.8537590429, 61.9201676692, 57.970397325, 69.1607072338, 75.1130238298, 80.5107497462, 66.8947644038, 57.0528455676, 62.4300414938, 70.9537855099, 84.3238389882, 17.3531071869, 55.4780175148, 150.799926939, 158.799924998, 30.3689920164, 2.57439023745, 18.6977555511, 62.1452508523, 127.970558478, 139.315060848, 55.0541918049, 16.3233910885, 13.4380739259, 55.4745326233, 155.178715712, 142.094432962, 45.3207606773, 11.517897943, 39.8145989973, 83.5104131294, 97.7007849938, 91.3115635524, 71.4471115913, 39.9211600399, 40.2217746512, 79.4359862802, 93.1499805883, 91.2778003361, 72.6788004924, 42.032291235, 48.1504876311, 72.8956938945, 83.1533951052, 88.0821093332, 76.4336516687, 43.8271847129, 44.1094319899, 71.4451228636, 86.5698990375, 87.8773353603, 76.4842175455, 46.9182438503, 28.3961330687, 72.2799137715, 113.80956411, 110.822076289, 69.3731337712, 27.7810828531, 31.7338272868, 73.0424012025, 106.342576546, 112.134385605, 71.4976428478, 28.5960340024, 57.6730885648, 57.4626078548, 68.9370829084, 77.8357925238, 75.0178793291, 83.1597741325, 61.691267178, 52.7240934265, 52.0900992794, 56.2641901427, 70.0280922004, 130.795053848, 61.3288229241, 60.2398706725, 64.6351694879, 71.9606094573, 79.6909842617, 86.7000544754  ],
                [ 82.0793677929, 74.8128867447, 73.4851147679, 81.3297102321, 73.8306646307, 55.9295367454, 87.6518294287, 71.0467735363, 72.3379592677, 85.3494601094, 77.802484489, 50.2638227017, 90.0440118881, 75.3243186429, 62.0069277124, 63.8456513366, 69.6796966646, 79.8930191412, 93.2447084237, 70.3695525329, 65.0545066681, 62.8666679833, 70.6709041967, 77.2051752569, 70.6654023213, 76.061606672, 75.5368881289, 72.2424248741, 76.4039396447, 71.5984957983, 70.8931518415, 78.1032051467, 72.9682166942, 74.1972007647, 76.5812456018, 70.3516676462, 67.5920495775, 74.8549325732, 79.5527315866, 77.3046999578, 72.4448995744, 64.5450309269, 65.2452411059, 77.3987595855, 75.9074213124, 77.9791466842, 75.3583609516, 64.1930706162, 84.2198755568, 74.2965049266, 65.7458253825, 61.6715329384, 70.3182760972, 81.2141833128, 86.029371778, 68.0791910718, 61.548074962, 68.7433079073, 73.0863589501, 86.4236677277, 18.005360312, 58.6534671972, 155.218037393, 164.914302076, 32.9878212611, 3.6694284611, 19.6774938103, 63.6217031095, 137.123987418, 143.325386569, 58.4244510229, 17.5000925953, 14.4366260726, 57.9213350975, 162.065379225, 152.507030207, 47.410338988, 10.9082431271, 42.1226369735, 85.0003658138, 101.431235753, 97.5924664977, 76.2700020811, 42.1306018469, 43.0058560451, 85.6168913793, 96.9836271862, 95.8147034829, 76.9727797945, 43.3319785405, 50.3729772317, 72.3479712904, 84.3659439532, 99.5622373388, 84.8338107644, 42.8566149504, 44.5397680973, 78.4260962629, 91.4518116501, 89.6649720239, 79.9030479376, 49.1512257052, 29.9511517282, 73.6885497373, 116.366353077, 119.490797241, 74.6312835298, 29.8530945632, 33.1495653748, 76.7273947705, 112.127033199, 115.135571487, 75.0999064397, 31.2137429893, 60.1613045518, 60.4624475493, 69.7307887055, 83.3783712654, 82.6617926326, 82.4596883461, 64.5404548995, 55.130011696, 54.3847170088, 59.5044163459, 74.2288371278, 136.924960017, 64.929296896, 63.1779498376, 69.3125810059, 75.3261159698, 82.8708891149, 90.739421848  ],
                [ 84.4676109704, 71.7142448539, 67.6126888153, 81.0005866972, 77.2916956479, 61.6180308992, 88.1817345903, 73.8369551738, 62.0125319662, 77.802484489, 88.715827627, 56.9620587774, 86.0615409066, 74.1913139759, 67.3871569848, 68.5302677407, 69.3714608959, 76.7468181016, 88.1311640808, 76.4391142524, 70.8928355635, 62.7839778207, 71.7023110257, 70.5608291728, 68.7880901343, 76.5689047187, 80.8973042916, 75.4060959811, 70.5220474016, 73.8683766161, 69.2941848134, 79.3897244781, 72.038262616, 75.0730962992, 79.0080271778, 69.6293860874, 73.3730236956, 75.3545325479, 76.8161984997, 72.9928774802, 72.4124667303, 71.2231907442, 70.6668772562, 85.4116102268, 68.484361623, 65.1677233627, 82.7625661097, 70.4619161612, 83.4049287738, 69.8771847839, 66.7046681247, 69.837410836, 73.3438233103, 74.935599844, 83.0674639067, 70.832960098, 64.902353917, 73.2038031134, 76.5972457125, 77.7097022445, 17.8724118636, 65.905114661, 151.528152556, 154.205482594, 42.5482165594, 8.09954531016, 15.0366495079, 60.5112559015, 147.52237565, 148.752307826, 54.7657651889, 14.4419225485, 13.6992839365, 57.9257883037, 164.495714047, 157.295384409, 46.9221850317, 9.90205713292, 46.2085279929, 85.3225649682, 100.352533473, 97.1564531728, 76.5095549441, 42.2469037138, 43.3837796719, 90.2692537688, 97.7737328565, 92.9342669968, 76.4671848781, 48.5165259294, 44.7662125218, 70.6570011469, 88.596282827, 109.490715103, 88.9785716039, 34.7495385487, 40.6081531341, 76.7894310943, 95.7120571872, 96.4878616315, 80.8618659308, 47.3363149349, 34.570742632, 78.3610885919, 112.363139047, 111.658428902, 75.5402956949, 35.2967942408, 36.9749051401, 80.2369231492, 107.382367595, 107.566076934, 77.8315583972, 35.420624172, 60.1705029994, 62.2446206175, 70.5307204847, 84.5174819847, 86.8330903011, 77.0193540686, 64.511662784, 56.0574717677, 55.9580723473, 61.4508727639, 74.8942375638, 135.566850061, 63.8576109857, 62.6620853675, 70.583151689, 76.8065202264, 83.3677964903, 91.681965924  ],
                [ 77.9915422738, 61.1764466478, 60.5122179734, 55.9218483836, 62.5317298057, 71.2911450155, 77.9197862552, 61.8902281924, 56.4056194724, 50.2638227017, 56.9620587774, 88.4124280481, 67.6691286982, 70.9846827552, 65.0183175929, 62.679028929, 60.311456701, 58.1110864516, 69.9474966258, 70.5492049558, 66.5983188211, 61.7290054993, 59.4571730007, 55.7595171035, 59.5492253797, 66.2444029444, 71.8398348968, 68.700894391, 66.0978231663, 57.4714436712, 51.3472144948, 69.9509405621, 75.339092361, 76.6954198007, 67.76166428, 54.7880090714, 72.817944126, 63.2634821357, 58.4971910601, 57.9515836945, 63.2620557148, 76.3972667019, 84.4211720994, 58.1785779117, 56.6995403225, 52.2113791896, 57.9451275834, 86.1561103956, 71.1005691881, 61.3952195275, 62.6809352685, 66.4649873751, 67.003411672, 53.0619823125, 63.1713499901, 65.4247414619, 63.6833281627, 68.1417727808, 62.9400318404, 60.96870703, 27.2752496709, 66.0655085817, 128.061108386, 112.355439795, 48.9219037111, 15.1471317719, 13.8172766494, 48.060046252, 131.748771974, 140.768830285, 42.292815571, 7.73261976337, 10.7012725277, 44.3271452959, 147.761008375, 151.710655832, 36.1657045645, 6.47978035862, 42.3650906065, 77.4134229813, 88.947568341, 74.877032354, 62.3135836066, 43.4379172622, 40.6300446322, 72.6243867729, 85.7313183902, 78.3120190407, 68.0450217581, 45.604440036, 24.6286802686, 61.297905538, 103.440964549, 101.533879896, 66.5548958164, 26.011116139, 28.5932952985, 58.3141866075, 104.582257123, 104.537587582, 61.7331572668, 31.1681713565, 36.0296109759, 69.9718378261, 86.7348226222, 90.4634372453, 66.7218938875, 35.7155329164, 40.7304708395, 65.8152872585, 85.0104145489, 88.4539166797, 65.4188214684, 39.7140642167, 48.9915379386, 57.4454899088, 69.6596032567, 66.5920925566, 65.1364217821, 77.3134908741, 54.0622211567, 47.5584584707, 48.4878153877, 53.6341919516, 63.6075156167, 124.043040811, 56.71890746, 57.7089675873, 58.1856678905, 64.6624035834, 72.9070822989, 79.1100818142  ],
                [ 103.284474982, 90.3077052104, 85.1942973864, 92.6242083025, 87.3505632938, 64.220256374, 107.634163292, 89.565233662, 85.4943711556, 90.0440118881, 86.0615409066, 67.6691286982, 123.070861329, 87.1696710653, 65.3509379921, 71.3476483738, 80.0974863943, 91.8864342723, 116.245392468, 84.3583746716, 73.9432686454, 70.6966447397, 82.6347887084, 89.1891909385, 77.987639458, 93.4019809264, 92.5673907025, 91.1846834769, 90.8336105607, 79.7916775349, 77.4459035174, 94.2330014088, 89.6128254308, 93.3368599895, 95.4359862953, 76.4565745754, 79.4799601977, 92.4827768462, 92.5698129178, 87.4956787403, 85.6497065369, 78.5494961372, 83.2948503116, 91.8525742693, 84.5686407419, 87.5438094381, 90.1549067317, 81.2100520795, 110.108561292, 86.5773743233, 73.0875434197, 67.9252034788, 81.3111647027, 98.3834056858, 103.770626679, 80.9459351875, 69.2192032766, 81.3113072596, 85.0356612906, 104.528256676, 22.9681012378, 73.0473354274, 186.357747724, 185.420652815, 41.0802316521, 5.17220659882, 25.3402642731, 80.2725938339, 150.020310688, 170.995153031, 71.7321900836, 21.4448073063, 12.9802028267, 64.0978022468, 199.994269971, 190.419953915, 53.8601318856, 12.6569179252, 58.8802008427, 108.631632319, 118.334983695, 105.656429907, 86.0361613052, 51.8647958249, 55.5129212111, 103.654149009, 106.3664118, 105.733293243, 94.3116388264, 60.4015144309, 58.4230488706, 83.9638172355, 99.9295124725, 117.971458013, 101.675923838, 48.8511673714, 53.8142958513, 88.9494360782, 106.610547892, 108.550623201, 95.3394646691, 58.4277223851, 33.3138109675, 88.2540865949, 140.355465712, 146.098978521, 85.950404726, 31.7175168439, 37.4192115997, 90.8135364832, 137.268984687, 136.935485866, 86.6635152112, 36.6181931507, 69.4038492927, 72.9124338219, 88.1040458188, 100.133816948, 94.0803669011, 93.914440568, 76.683612974, 65.5613537257, 64.6405465546, 70.7061218217, 88.0116800761, 163.835500331, 75.9959099136, 74.2465761216, 80.2727848544, 89.224052233, 98.9658535008, 108.860976874  ],
                [ 94.1457859075, 77.7526430356, 77.0961023574, 74.4971277638, 74.6239002099, 68.2312094935, 98.2701728883, 76.6449002169, 72.7488510209, 75.3243186429, 74.1913139759, 70.9846827552, 87.1696710653, 100.251368845, 68.7683689665, 56.4211602946, 69.6715620008, 79.8313099265, 97.4271393589, 77.1351235409, 70.9956755711, 66.9554713616, 72.5932057699, 75.7086485412, 70.7231469561, 79.690740221, 81.9822205837, 77.4886044736, 85.8726025223, 70.46215952, 67.0456136299, 87.1071444783, 82.1112025126, 84.9264091978, 80.9830316435, 68.1538736596, 77.7528565753, 78.6160645861, 78.7563031052, 75.6001311259, 74.776233046, 80.0812098601, 79.9032967993, 80.0081430825, 74.6126284716, 73.5330468324, 72.7757578907, 82.6446858722, 88.4771507133, 82.8040061617, 64.9913427239, 64.9407561635, 81.1539799766, 73.2493253829, 87.102368154, 74.0815406031, 68.3020511834, 72.3931168365, 73.7534560796, 87.0953295985, 25.7556607076, 71.3919360631, 160.741579516, 155.537602668, 43.2825352909, 8.83403403868, 21.872897812, 67.3892638466, 143.866225097, 153.73708409, 58.8200427032, 14.9261287033, 12.4025391274, 56.9183714295, 177.769731415, 167.19985279, 46.5320775528, 10.0819267756, 44.5402037715, 95.0023276257, 110.679158885, 92.2683888929, 74.7858333296, 48.4591744665, 46.7896152763, 92.2392955689, 100.658475618, 92.5102730976, 81.143316726, 48.7326524519, 42.2631297388, 79.0560804811, 104.25951436, 103.065150726, 84.0963426763, 43.2195135126, 40.8899880738, 75.9872099102, 106.411933634, 107.118547437, 83.12387634, 45.4108733065, 37.0341015062, 75.41137037, 112.798220397, 127.501813953, 81.3941261946, 30.7694461555, 38.7617234188, 78.3878496465, 111.412067269, 117.952938497, 77.2762762007, 38.6233749678, 61.0422662714, 64.6860129099, 77.8501837863, 84.3266541923, 79.7320277937, 92.4108693839, 65.4299523589, 57.5844149486, 57.2403362627, 63.9573272162, 78.0735898672, 147.659307551, 71.3511082762, 68.8105591999, 71.5215240709, 78.1051777557, 86.4843772468, 94.4022670312  ],
                [ 77.2143547497, 62.3228376038, 61.0594188752, 65.3178898303, 64.7705666096, 64.7939522865, 80.817944149, 63.4501098228, 58.6743744456, 62.0069277124, 67.3871569848, 65.0183175929, 65.3509379921, 68.7683689665, 72.9611131691, 63.6631247649, 57.5007103107, 63.4187621949, 72.1157544584, 68.3727229173, 65.1996492294, 61.007102206, 64.3600081654, 59.2796521876, 63.8815006785, 65.3614932404, 70.1277156008, 65.171602433, 65.7017577245, 62.833478679, 60.1294925335, 68.9925633946, 66.8151491543, 70.8519957054, 66.7975600948, 61.4111828242, 69.1021561145, 65.9340831032, 65.0383698945, 61.138402132, 61.52502465, 72.0959334828, 70.8574839998, 65.8364154113, 61.297793704, 56.7365491624, 66.7694695735, 72.8591150898, 69.101269336, 58.13168714, 66.8901472159, 70.4985139876, 64.714466811, 57.7125194721, 65.3617668693, 64.1220755925, 61.5021986215, 67.0245475189, 68.0233515496, 65.3945625596, 21.4960059964, 61.5629603378, 133.707631488, 127.241865052, 42.0434452669, 10.8768397618, 12.6475117056, 48.6278243573, 138.032268694, 137.531997325, 43.2510700686, 8.32633381204, 12.9131559598, 50.1170465293, 141.021868662, 142.113302977, 40.9868024139, 8.0144671683, 38.2857524276, 76.0539001745, 91.4472995043, 83.8887791925, 65.0676188803, 38.8829217912, 37.3826822256, 75.3560771173, 90.0744994001, 84.3672782249, 65.7857478857, 41.5560941469, 31.9258819644, 65.4325264124, 91.8569713136, 97.1724588799, 72.9892511991, 28.7113737811, 31.670721184, 62.9429824016, 94.880493232, 96.4493059973, 68.0000960754, 36.993808055, 35.2464582358, 70.0915274191, 93.2722292634, 91.4733513637, 67.4826349218, 35.856002408, 37.865268772, 69.0273020644, 87.3752176497, 92.6337427173, 68.842694212, 36.4284529978, 51.8761461383, 56.331216278, 63.1126058425, 70.6490110526, 73.739234254, 74.6496547526, 55.0647211608, 48.3459064082, 48.9671064559, 54.3439835658, 65.4346765525, 124.566156734, 58.2503781066, 57.175237252, 61.7852335598, 67.0124022015, 72.7377575908, 79.1542784993  ],
                [ 76.8992540335, 62.3938425948, 64.5637967351, 66.4146758024, 64.7562881243, 62.2309380731, 79.5463543284, 67.224482978, 59.437251237, 63.8456513366, 68.5302677407, 62.679028929, 71.3476483738, 56.4211602946, 63.6631247649, 78.1497647215, 64.8358433251, 60.5777934272, 71.0873317864, 66.4598405152, 65.8526945602, 63.4648527107, 65.6720702543, 59.9986163232, 64.5381867491, 68.9815984523, 69.0117730403, 65.4520883664, 62.1826656988, 66.5383245572, 60.3594060796, 67.8315158477, 66.0942695806, 67.8667534271, 71.0684754663, 64.8230253517, 67.4570459963, 66.3396008195, 67.348979524, 64.2138196073, 62.6069918985, 67.8595163237, 70.0377061775, 67.8257480445, 63.4597605723, 56.9345783995, 70.2249133705, 70.273895736, 71.0821777821, 58.6076806139, 69.0096891024, 70.4208171098, 65.5964641587, 59.4089825263, 68.1322192987, 64.177520255, 62.3281432823, 70.4468135108, 69.8252636959, 64.2783755635, 20.5558810903, 60.1275479936, 140.398497962, 127.131712334, 39.8319856969, 8.28914232722, 12.1692756033, 48.0173187384, 137.752932484, 143.089370782, 45.6194819424, 9.08776522481, 13.8536616762, 51.2354303662, 142.416513079, 142.846179193, 42.8457627271, 8.84778805779, 37.9069169032, 73.4707182386, 93.2947717999, 88.5621074324, 66.4863777913, 38.9642568605, 36.8162995516, 74.880619302, 92.6300331398, 87.2833355404, 68.2865735458, 43.1849174527, 33.0616270519, 65.8246724989, 89.0877773632, 100.148582791, 77.9730411919, 26.7591957519, 36.0939590559, 62.5935626173, 91.0921797162, 96.1951430277, 70.4086410413, 38.6564923812, 34.0456477043, 74.2667862807, 96.2476252621, 88.5013959167, 65.1832135507, 40.4748480518, 37.6710577989, 70.5359312917, 94.1513390828, 88.9296246782, 67.8324046398, 36.7410350221, 50.2877811385, 56.9464915917, 65.3956623069, 72.2094266187, 75.6644991929, 73.2488560815, 56.779410491, 49.0259708341, 49.6771484824, 55.4342041721, 65.790204133, 126.761818571, 56.8627604981, 58.1392252459, 61.6008087514, 67.9029190506, 74.9371515877, 81.2458909808  ],
                [ 84.3065353198, 70.9091453285, 70.1589457208, 72.7701934239, 68.6023461422, 56.7313533029, 85.0282057144, 71.258882131, 69.2722614355, 69.6796966646, 69.3714608959, 60.311456701, 80.0974863943, 69.6715620008, 57.5007103107, 64.8358433251, 79.8583987222, 67.4292599188, 83.8587384024, 70.1250377057, 63.3105333677, 62.0788655275, 70.764065203, 68.9312074464, 68.7237222154, 74.1480994912, 70.5898788531, 65.6487417367, 73.9903741829, 69.2096365806, 64.5108699423, 77.169083109, 71.7909981887, 74.6197628608, 72.314129429, 66.6695975941, 66.5834301808, 71.9367745188, 74.7284091521, 71.3465338036, 67.4932162254, 66.9779345754, 68.8552613903, 73.8476534241, 71.5266473646, 66.407333085, 71.9215845469, 69.2918485841, 76.9094672144, 74.6084415518, 61.5917077002, 61.0891741433, 76.9277826947, 68.124530765, 78.4771103461, 69.4052553971, 60.8837601546, 67.1571837443, 71.8039250117, 76.3977773676, 19.1349436728, 62.7052616638, 147.180344, 149.599034961, 36.7115624514, 5.48356023137, 15.4386086518, 59.2723564449, 135.105891615, 145.070073617, 52.3059564426, 13.6990084527, 13.3521947885, 56.3086714522, 156.637755635, 145.714906285, 44.5308983409, 10.7639759121, 40.1541002014, 82.6410321988, 97.8583296622, 91.894053199, 72.5904664988, 41.212867963, 40.2678709117, 78.7335970833, 94.3869870034, 90.8630600986, 74.8410924171, 44.9113710638, 41.985072966, 72.2956461028, 88.8245353037, 96.0690296717, 78.0046506161, 37.8849654794, 42.1329946187, 69.7214829237, 92.3480373112, 92.3379231633, 76.5238099957, 43.9985155526, 31.1049208231, 76.4144410783, 109.064870375, 104.710315732, 70.108827717, 32.495533544, 34.6669803352, 75.7061685325, 104.037209438, 103.58499579, 72.7804371272, 33.0625243009, 56.2246118779, 57.3432428316, 71.1058998998, 78.1948271586, 77.3712369357, 80.3681206424, 60.3497721593, 52.7304807251, 52.8078974898, 57.6431312468, 70.4903636748, 132.702406126, 62.0633360043, 61.492811866, 65.3412834432, 72.2653988482, 79.6170363857, 86.5058620135  ],
                [ 84.4341636647, 79.217846054, 77.9393563583, 81.8550694614, 74.067125813, 55.9702917966, 89.9937667403, 78.9664501092, 73.2061990022, 79.8930191412, 76.7468181016, 58.1110864516, 91.8864342723, 79.8313099265, 63.4187621949, 60.5777934272, 67.4292599188, 91.6382268152, 97.481264651, 72.2650838364, 66.0948985294, 63.498368927, 71.6087268189, 80.4068136206, 69.4017992029, 79.9722741839, 78.1651959342, 76.077138776, 81.1809237184, 70.9652396618, 68.5334337423, 82.3303875863, 76.4890408641, 77.2510974031, 81.3602451743, 69.7237943587, 66.7149509912, 77.9093484514, 81.595821545, 79.1221428738, 76.4070312053, 66.8293404908, 70.1492793831, 81.2625732465, 74.3181984015, 75.7553491417, 78.8797640055, 68.5726899945, 93.9340119525, 73.3591427134, 63.1657395674, 61.5440416207, 71.2000554314, 84.9817679691, 89.354431664, 70.8751253017, 62.9646355853, 68.652420896, 72.8384716854, 89.8324962742, 19.3822504715, 59.3571935286, 162.056091035, 163.448277217, 36.7467760254, 4.52352011927, 22.7264568661, 67.8294187158, 132.346253991, 148.138758882, 62.9837326796, 17.3989155725, 12.3247280149, 57.5734700116, 170.583054519, 161.253224637, 47.8144662868, 10.8764822813, 44.2324374534, 89.7517893624, 104.573772803, 93.6492162784, 77.9558253782, 46.8376837834, 43.4816181256, 91.4984101967, 98.5943571359, 91.1478504944, 80.9177624921, 48.9377147979, 50.8329497317, 73.7846598312, 87.4917924707, 98.3623544061, 87.5648428685, 45.255999642, 47.1357394262, 78.7530033251, 92.4102332258, 91.8465113516, 81.2771467804, 51.93525408, 29.3496912904, 75.3719046316, 119.320390904, 126.651320123, 77.421098741, 28.5893652768, 32.8574400535, 77.3462187416, 117.99542303, 119.092529304, 74.1419140462, 32.4738474617, 61.3608616356, 63.5846417217, 74.7353530415, 84.945642401, 81.0856938933, 83.7306268289, 66.326082359, 57.0205093556, 56.3767338096, 62.2777457802, 75.3513003537, 139.040666556, 67.4479110071, 65.2816345106, 71.0432818997, 76.9587133716, 85.4228119294, 93.0423700441  ],
